0.000000 0.000000 0.000000
0.000000 0.025000 0.000000
0.000000 0.050000 0.000000
0.000000 0.075000 0.000000
0.000000 0.100000 0.000000
0.000000 0.125000 0.000000
0.000000 0.150000 0.000000
0.000000 0.175000 0.000000
0.000000 0.200000 0.000000
0.000000 0.225000 0.000000
0.000000 0.250000 0.000000
0.000000 0.275000 0.000000
0.000000 0.300000 0.000000
0.000000 0.325000 0.000000
0.000000 0.350000 0.000000
0.000000 0.375000 0.000000
0.000000 0.400000 0.000000
0.000000 0.425000 0.000000
0.000000 0.450000 0.000000
0.000000 0.475000 0.000000
0.000000 0.500000 0.000000
0.000000 0.525000 0.000000
0.000000 0.550000 0.000000
0.000000 0.575000 0.000000
0.000000 0.600000 0.000000
0.000000 0.625000 0.000000
0.000000 0.650000 0.000000
0.000000 0.675000 0.000000
0.000000 0.700000 0.000000
0.000000 0.725000 0.000000
0.000000 0.750000 0.000000
0.000000 0.775000 0.000000
0.000000 0.800000 0.000000
0.000000 0.825000 0.000000
0.000000 0.850000 0.000000
0.000000 0.875000 0.000000
0.000000 0.900000 0.000000
0.000000 0.925000 0.000000
0.000000 0.950000 0.000000
0.000000 0.975000 0.000000
0.000000 1.000000 0.000000

0.025000 0.000000 0.000000
0.025000 0.025000 0.307692
0.025000 0.050000 0.315789
0.025000 0.075000 0.324324
0.025000 0.100000 0.333333
0.025000 0.125000 0.342857
0.025000 0.150000 0.352941
0.025000 0.175000 0.363636
0.025000 0.200000 0.375000
0.025000 0.225000 0.387097
0.025000 0.250000 0.400000
0.025000 0.275000 0.413793
0.025000 0.300000 0.428571
0.025000 0.325000 0.444444
0.025000 0.350000 0.461538
0.025000 0.375000 0.480000
0.025000 0.400000 0.500000
0.025000 0.425000 0.521739
0.025000 0.450000 0.545455
0.025000 0.475000 0.571429
0.025000 0.500000 0.600000
0.025000 0.525000 0.600000
0.025000 0.550000 0.600000
0.025000 0.575000 0.600000
0.025000 0.600000 0.600000
0.025000 0.625000 0.600000
0.025000 0.650000 0.600000
0.025000 0.675000 0.600000
0.025000 0.700000 0.600000
0.025000 0.725000 0.600000
0.025000 0.750000 0.600000
0.025000 0.775000 0.600000
0.025000 0.800000 0.600000
0.025000 0.825000 0.600000
0.025000 0.850000 0.600000
0.025000 0.875000 0.600000
0.025000 0.900000 0.600000
0.025000 0.925000 0.600000
0.025000 0.950000 0.600000
0.025000 0.975000 0.600000
0.025000 1.000000 0.600000

0.050000 0.000000 0.000000
0.050000 0.025000 0.315789
0.050000 0.050000 0.631579
0.050000 0.075000 0.648649
0.050000 0.100000 0.666667
0.050000 0.125000 0.685714
0.050000 0.150000 0.705882
0.050000 0.175000 0.727273
0.050000 0.200000 0.750000
0.050000 0.225000 0.774194
0.050000 0.250000 0.800000
0.050000 0.275000 0.827586
0.050000 0.300000 0.857143
0.050000 0.325000 0.888889
0.050000 0.350000 0.923077
0.050000 0.375000 0.960000
0.050000 0.400000 1.000000
0.050000 0.425000 1.043478
0.050000 0.450000 1.090909
0.050000 0.475000 1.142857
0.050000 0.500000 1.200000
0.050000 0.525000 1.200000
0.050000 0.550000 1.200000
0.050000 0.575000 1.200000
0.050000 0.600000 1.200000
0.050000 0.625000 1.200000
0.050000 0.650000 1.200000
0.050000 0.675000 1.200000
0.050000 0.700000 1.200000
0.050000 0.725000 1.200000
0.050000 0.750000 1.200000
0.050000 0.775000 1.200000
0.050000 0.800000 1.200000
0.050000 0.825000 1.200000
0.050000 0.850000 1.200000
0.050000 0.875000 1.200000
0.050000 0.900000 1.200000
0.050000 0.925000 1.200000
0.050000 0.950000 1.200000
0.050000 0.975000 1.200000
0.050000 1.000000 1.200000

0.075000 0.000000 0.000000
0.075000 0.025000 0.324324
0.075000 0.050000 0.648649
0.075000 0.075000 0.972973
0.075000 0.100000 1.000000
0.075000 0.125000 1.028571
0.075000 0.150000 1.058824
0.075000 0.175000 1.090909
0.075000 0.200000 1.125000
0.075000 0.225000 1.161290
0.075000 0.250000 1.200000
0.075000 0.275000 1.241379
0.075000 0.300000 1.285714
0.075000 0.325000 1.333333
0.075000 0.350000 1.384615
0.075000 0.375000 1.440000
0.075000 0.400000 1.500000
0.075000 0.425000 1.565217
0.075000 0.450000 1.636364
0.075000 0.475000 1.714286
0.075000 0.500000 1.800000
0.075000 0.525000 1.800000
0.075000 0.550000 1.800000
0.075000 0.575000 1.800000
0.075000 0.600000 1.800000
0.075000 0.625000 1.800000
0.075000 0.650000 1.800000
0.075000 0.675000 1.800000
0.075000 0.700000 1.800000
0.075000 0.725000 1.800000
0.075000 0.750000 1.800000
0.075000 0.775000 1.800000
0.075000 0.800000 1.800000
0.075000 0.825000 1.800000
0.075000 0.850000 1.800000
0.075000 0.875000 1.800000
0.075000 0.900000 1.800000
0.075000 0.925000 1.800000
0.075000 0.950000 1.800000
0.075000 0.975000 1.800000
0.075000 1.000000 1.800000

0.100000 0.000000 0.000000
0.100000 0.025000 0.333333
0.100000 0.050000 0.666667
0.100000 0.075000 1.000000
0.100000 0.100000 1.333333
0.100000 0.125000 1.371429
0.100000 0.150000 1.411765
0.100000 0.175000 1.454545
0.100000 0.200000 1.500000
0.100000 0.225000 1.548387
0.100000 0.250000 1.600000
0.100000 0.275000 1.655172
0.100000 0.300000 1.714286
0.100000 0.325000 1.777778
0.100000 0.350000 1.846154
0.100000 0.375000 1.920000
0.100000 0.400000 2.000000
0.100000 0.425000 2.086957
0.100000 0.450000 2.181818
0.100000 0.475000 2.285714
0.100000 0.500000 2.400000
0.100000 0.525000 2.400000
0.100000 0.550000 2.400000
0.100000 0.575000 2.400000
0.100000 0.600000 2.400000
0.100000 0.625000 2.400000
0.100000 0.650000 2.400000
0.100000 0.675000 2.400000
0.100000 0.700000 2.400000
0.100000 0.725000 2.400000
0.100000 0.750000 2.400000
0.100000 0.775000 2.400000
0.100000 0.800000 2.400000
0.100000 0.825000 2.400000
0.100000 0.850000 2.400000
0.100000 0.875000 2.400000
0.100000 0.900000 2.400000
0.100000 0.925000 2.400000
0.100000 0.950000 2.400000
0.100000 0.975000 2.400000
0.100000 1.000000 2.400000

0.125000 0.000000 0.000000
0.125000 0.025000 0.342857
0.125000 0.050000 0.685714
0.125000 0.075000 1.028571
0.125000 0.100000 1.371429
0.125000 0.125000 1.714286
0.125000 0.150000 1.764706
0.125000 0.175000 1.818182
0.125000 0.200000 1.875000
0.125000 0.225000 1.935484
0.125000 0.250000 2.000000
0.125000 0.275000 2.068966
0.125000 0.300000 2.142857
0.125000 0.325000 2.222222
0.125000 0.350000 2.307692
0.125000 0.375000 2.400000
0.125000 0.400000 2.500000
0.125000 0.425000 2.608696
0.125000 0.450000 2.727273
0.125000 0.475000 2.857143
0.125000 0.500000 3.000000
0.125000 0.525000 3.000000
0.125000 0.550000 3.000000
0.125000 0.575000 3.000000
0.125000 0.600000 3.000000
0.125000 0.625000 3.000000
0.125000 0.650000 3.000000
0.125000 0.675000 3.000000
0.125000 0.700000 3.000000
0.125000 0.725000 3.000000
0.125000 0.750000 3.000000
0.125000 0.775000 3.000000
0.125000 0.800000 3.000000
0.125000 0.825000 3.000000
0.125000 0.850000 3.000000
0.125000 0.875000 3.000000
0.125000 0.900000 3.000000
0.125000 0.925000 3.000000
0.125000 0.950000 3.000000
0.125000 0.975000 3.000000
0.125000 1.000000 3.000000

0.150000 0.000000 0.000000
0.150000 0.025000 0.352941
0.150000 0.050000 0.705882
0.150000 0.075000 1.058824
0.150000 0.100000 1.411765
0.150000 0.125000 1.764706
0.150000 0.150000 2.117647
0.150000 0.175000 2.181818
0.150000 0.200000 2.250000
0.150000 0.225000 2.322581
0.150000 0.250000 2.400000
0.150000 0.275000 2.482759
0.150000 0.300000 2.571429
0.150000 0.325000 2.666667
0.150000 0.350000 2.769231
0.150000 0.375000 2.880000
0.150000 0.400000 3.000000
0.150000 0.425000 3.130435
0.150000 0.450000 3.272727
0.150000 0.475000 3.428571
0.150000 0.500000 3.600000
0.150000 0.525000 3.600000
0.150000 0.550000 3.600000
0.150000 0.575000 3.600000
0.150000 0.600000 3.600000
0.150000 0.625000 3.600000
0.150000 0.650000 3.600000
0.150000 0.675000 3.600000
0.150000 0.700000 3.600000
0.150000 0.725000 3.600000
0.150000 0.750000 3.600000
0.150000 0.775000 3.600000
0.150000 0.800000 3.600000
0.150000 0.825000 3.600000
0.150000 0.850000 3.600000
0.150000 0.875000 3.600000
0.150000 0.900000 3.600000
0.150000 0.925000 3.600000
0.150000 0.950000 3.600000
0.150000 0.975000 3.600000
0.150000 1.000000 3.600000

0.175000 0.000000 0.000000
0.175000 0.025000 0.363636
0.175000 0.050000 0.727273
0.175000 0.075000 1.090909
0.175000 0.100000 1.454545
0.175000 0.125000 1.818182
0.175000 0.150000 2.181818
0.175000 0.175000 2.545455
0.175000 0.200000 2.625000
0.175000 0.225000 2.709677
0.175000 0.250000 2.800000
0.175000 0.275000 2.896552
0.175000 0.300000 3.000000
0.175000 0.325000 3.111111
0.175000 0.350000 3.230769
0.175000 0.375000 3.360000
0.175000 0.400000 3.500000
0.175000 0.425000 3.652174
0.175000 0.450000 3.818182
0.175000 0.475000 4.000000
0.175000 0.500000 4.200000
0.175000 0.525000 4.200000
0.175000 0.550000 4.200000
0.175000 0.575000 4.200000
0.175000 0.600000 4.200000
0.175000 0.625000 4.200000
0.175000 0.650000 4.200000
0.175000 0.675000 4.200000
0.175000 0.700000 4.200000
0.175000 0.725000 4.200000
0.175000 0.750000 4.200000
0.175000 0.775000 4.200000
0.175000 0.800000 4.200000
0.175000 0.825000 4.200000
0.175000 0.850000 4.200000
0.175000 0.875000 4.200000
0.175000 0.900000 4.200000
0.175000 0.925000 4.200000
0.175000 0.950000 4.200000
0.175000 0.975000 4.200000
0.175000 1.000000 4.200000

0.200000 0.000000 0.000000
0.200000 0.025000 0.375000
0.200000 0.050000 0.750000
0.200000 0.075000 1.125000
0.200000 0.100000 1.500000
0.200000 0.125000 1.875000
0.200000 0.150000 2.250000
0.200000 0.175000 2.625000
0.200000 0.200000 3.000000
0.200000 0.225000 3.096774
0.200000 0.250000 3.200000
0.200000 0.275000 3.310345
0.200000 0.300000 3.428571
0.200000 0.325000 3.555556
0.200000 0.350000 3.692308
0.200000 0.375000 3.840000
0.200000 0.400000 4.000000
0.200000 0.425000 4.173913
0.200000 0.450000 4.363636
0.200000 0.475000 4.571429
0.200000 0.500000 4.800000
0.200000 0.525000 4.800000
0.200000 0.550000 4.800000
0.200000 0.575000 4.800000
0.200000 0.600000 4.800000
0.200000 0.625000 4.800000
0.200000 0.650000 4.800000
0.200000 0.675000 4.800000
0.200000 0.700000 4.800000
0.200000 0.725000 4.800000
0.200000 0.750000 4.800000
0.200000 0.775000 4.800000
0.200000 0.800000 4.800000
0.200000 0.825000 4.800000
0.200000 0.850000 4.800000
0.200000 0.875000 4.800000
0.200000 0.900000 4.800000
0.200000 0.925000 4.800000
0.200000 0.950000 4.800000
0.200000 0.975000 4.800000
0.200000 1.000000 4.800000

0.225000 0.000000 0.000000
0.225000 0.025000 0.387097
0.225000 0.050000 0.774194
0.225000 0.075000 1.161290
0.225000 0.100000 1.548387
0.225000 0.125000 1.935484
0.225000 0.150000 2.322581
0.225000 0.175000 2.709677
0.225000 0.200000 3.096774
0.225000 0.225000 3.483871
0.225000 0.250000 3.600000
0.225000 0.275000 3.724138
0.225000 0.300000 3.857143
0.225000 0.325000 4.000000
0.225000 0.350000 4.153846
0.225000 0.375000 4.320000
0.225000 0.400000 4.500000
0.225000 0.425000 4.695652
0.225000 0.450000 4.909091
0.225000 0.475000 5.142857
0.225000 0.500000 5.400000
0.225000 0.525000 5.400000
0.225000 0.550000 5.400000
0.225000 0.575000 5.400000
0.225000 0.600000 5.400000
0.225000 0.625000 5.400000
0.225000 0.650000 5.400000
0.225000 0.675000 5.400000
0.225000 0.700000 5.400000
0.225000 0.725000 5.400000
0.225000 0.750000 5.400000
0.225000 0.775000 5.400000
0.225000 0.800000 5.400000
0.225000 0.825000 5.400000
0.225000 0.850000 5.400000
0.225000 0.875000 5.400000
0.225000 0.900000 5.400000
0.225000 0.925000 5.400000
0.225000 0.950000 5.400000
0.225000 0.975000 5.400000
0.225000 1.000000 5.400000

0.250000 0.000000 0.000000
0.250000 0.025000 0.400000
0.250000 0.050000 0.800000
0.250000 0.075000 1.200000
0.250000 0.100000 1.600000
0.250000 0.125000 2.000000
0.250000 0.150000 2.400000
0.250000 0.175000 2.800000
0.250000 0.200000 3.200000
0.250000 0.225000 3.600000
0.250000 0.250000 4.000000
0.250000 0.275000 4.137931
0.250000 0.300000 4.285714
0.250000 0.325000 4.444444
0.250000 0.350000 4.615385
0.250000 0.375000 4.800000
0.250000 0.400000 5.000000
0.250000 0.425000 5.217391
0.250000 0.450000 5.454545
0.250000 0.475000 5.714286
0.250000 0.500000 6.000000
0.250000 0.525000 6.000000
0.250000 0.550000 6.000000
0.250000 0.575000 6.000000
0.250000 0.600000 6.000000
0.250000 0.625000 6.000000
0.250000 0.650000 6.000000
0.250000 0.675000 6.000000
0.250000 0.700000 6.000000
0.250000 0.725000 6.000000
0.250000 0.750000 6.000000
0.250000 0.775000 6.000000
0.250000 0.800000 6.000000
0.250000 0.825000 6.000000
0.250000 0.850000 6.000000
0.250000 0.875000 6.000000
0.250000 0.900000 6.000000
0.250000 0.925000 6.000000
0.250000 0.950000 6.000000
0.250000 0.975000 6.000000
0.250000 1.000000 6.000000

0.275000 0.000000 0.000000
0.275000 0.025000 0.413793
0.275000 0.050000 0.827586
0.275000 0.075000 1.241379
0.275000 0.100000 1.655172
0.275000 0.125000 2.068966
0.275000 0.150000 2.482759
0.275000 0.175000 2.896552
0.275000 0.200000 3.310345
0.275000 0.225000 3.724138
0.275000 0.250000 4.137931
0.275000 0.275000 4.551724
0.275000 0.300000 4.714286
0.275000 0.325000 4.888889
0.275000 0.350000 5.076923
0.275000 0.375000 5.280000
0.275000 0.400000 5.500000
0.275000 0.425000 5.739130
0.275000 0.450000 6.000000
0.275000 0.475000 6.285714
0.275000 0.500000 6.600000
0.275000 0.525000 6.600000
0.275000 0.550000 6.600000
0.275000 0.575000 6.600000
0.275000 0.600000 6.600000
0.275000 0.625000 6.600000
0.275000 0.650000 6.600000
0.275000 0.675000 6.600000
0.275000 0.700000 6.600000
0.275000 0.725000 6.600000
0.275000 0.750000 6.600000
0.275000 0.775000 6.600000
0.275000 0.800000 6.600000
0.275000 0.825000 6.600000
0.275000 0.850000 6.600000
0.275000 0.875000 6.600000
0.275000 0.900000 6.600000
0.275000 0.925000 6.600000
0.275000 0.950000 6.600000
0.275000 0.975000 6.600000
0.275000 1.000000 6.600000

0.300000 0.000000 0.000000
0.300000 0.025000 0.428571
0.300000 0.050000 0.857143
0.300000 0.075000 1.285714
0.300000 0.100000 1.714286
0.300000 0.125000 2.142857
0.300000 0.150000 2.571429
0.300000 0.175000 3.000000
0.300000 0.200000 3.428571
0.300000 0.225000 3.857143
0.300000 0.250000 4.285714
0.300000 0.275000 4.714286
0.300000 0.300000 5.142857
0.300000 0.325000 5.333333
0.300000 0.350000 5.538462
0.300000 0.375000 5.760000
0.300000 0.400000 6.000000
0.300000 0.425000 6.260870
0.300000 0.450000 6.545455
0.300000 0.475000 6.857143
0.300000 0.500000 7.200000
0.300000 0.525000 7.200000
0.300000 0.550000 7.200000
0.300000 0.575000 7.200000
0.300000 0.600000 7.200000
0.300000 0.625000 7.200000
0.300000 0.650000 7.200000
0.300000 0.675000 7.200000
0.300000 0.700000 7.200000
0.300000 0.725000 7.200000
0.300000 0.750000 7.200000
0.300000 0.775000 7.200000
0.300000 0.800000 7.200000
0.300000 0.825000 7.200000
0.300000 0.850000 7.200000
0.300000 0.875000 7.200000
0.300000 0.900000 7.200000
0.300000 0.925000 7.200000
0.300000 0.950000 7.200000
0.300000 0.975000 7.200000
0.300000 1.000000 7.200000

0.325000 0.000000 0.000000
0.325000 0.025000 0.444444
0.325000 0.050000 0.888889
0.325000 0.075000 1.333333
0.325000 0.100000 1.777778
0.325000 0.125000 2.222222
0.325000 0.150000 2.666667
0.325000 0.175000 3.111111
0.325000 0.200000 3.555556
0.325000 0.225000 4.000000
0.325000 0.250000 4.444444
0.325000 0.275000 4.888889
0.325000 0.300000 5.333333
0.325000 0.325000 5.777778
0.325000 0.350000 6.000000
0.325000 0.375000 6.240000
0.325000 0.400000 6.500000
0.325000 0.425000 6.782609
0.325000 0.450000 7.090909
0.325000 0.475000 7.428571
0.325000 0.500000 7.800000
0.325000 0.525000 7.800000
0.325000 0.550000 7.800000
0.325000 0.575000 7.800000
0.325000 0.600000 7.800000
0.325000 0.625000 7.800000
0.325000 0.650000 7.800000
0.325000 0.675000 7.800000
0.325000 0.700000 7.800000
0.325000 0.725000 7.800000
0.325000 0.750000 7.800000
0.325000 0.775000 7.800000
0.325000 0.800000 7.800000
0.325000 0.825000 7.800000
0.325000 0.850000 7.800000
0.325000 0.875000 7.800000
0.325000 0.900000 7.800000
0.325000 0.925000 7.800000
0.325000 0.950000 7.800000
0.325000 0.975000 7.800000
0.325000 1.000000 7.800000

0.350000 0.000000 0.000000
0.350000 0.025000 0.461538
0.350000 0.050000 0.923077
0.350000 0.075000 1.384615
0.350000 0.100000 1.846154
0.350000 0.125000 2.307692
0.350000 0.150000 2.769231
0.350000 0.175000 3.230769
0.350000 0.200000 3.692308
0.350000 0.225000 4.153846
0.350000 0.250000 4.615385
0.350000 0.275000 5.076923
0.350000 0.300000 5.538462
0.350000 0.325000 6.000000
0.350000 0.350000 6.461538
0.350000 0.375000 6.720000
0.350000 0.400000 7.000000
0.350000 0.425000 7.304348
0.350000 0.450000 7.636364
0.350000 0.475000 8.000000
0.350000 0.500000 8.400000
0.350000 0.525000 8.400000
0.350000 0.550000 8.400000
0.350000 0.575000 8.400000
0.350000 0.600000 8.400000
0.350000 0.625000 8.400000
0.350000 0.650000 8.400000
0.350000 0.675000 8.400000
0.350000 0.700000 8.400000
0.350000 0.725000 8.400000
0.350000 0.750000 8.400000
0.350000 0.775000 8.400000
0.350000 0.800000 8.400000
0.350000 0.825000 8.400000
0.350000 0.850000 8.400000
0.350000 0.875000 8.400000
0.350000 0.900000 8.400000
0.350000 0.925000 8.400000
0.350000 0.950000 8.400000
0.350000 0.975000 8.400000
0.350000 1.000000 8.400000

0.375000 0.000000 0.000000
0.375000 0.025000 0.480000
0.375000 0.050000 0.960000
0.375000 0.075000 1.440000
0.375000 0.100000 1.920000
0.375000 0.125000 2.400000
0.375000 0.150000 2.880000
0.375000 0.175000 3.360000
0.375000 0.200000 3.840000
0.375000 0.225000 4.320000
0.375000 0.250000 4.800000
0.375000 0.275000 5.280000
0.375000 0.300000 5.760000
0.375000 0.325000 6.240000
0.375000 0.350000 6.720000
0.375000 0.375000 7.200000
0.375000 0.400000 7.500000
0.375000 0.425000 7.826087
0.375000 0.450000 8.181818
0.375000 0.475000 8.571429
0.375000 0.500000 9.000000
0.375000 0.525000 9.000000
0.375000 0.550000 9.000000
0.375000 0.575000 9.000000
0.375000 0.600000 9.000000
0.375000 0.625000 9.000000
0.375000 0.650000 9.000000
0.375000 0.675000 9.000000
0.375000 0.700000 9.000000
0.375000 0.725000 9.000000
0.375000 0.750000 9.000000
0.375000 0.775000 9.000000
0.375000 0.800000 9.000000
0.375000 0.825000 9.000000
0.375000 0.850000 9.000000
0.375000 0.875000 9.000000
0.375000 0.900000 9.000000
0.375000 0.925000 9.000000
0.375000 0.950000 9.000000
0.375000 0.975000 9.000000
0.375000 1.000000 9.000000

0.400000 0.000000 0.000000
0.400000 0.025000 0.500000
0.400000 0.050000 1.000000
0.400000 0.075000 1.500000
0.400000 0.100000 2.000000
0.400000 0.125000 2.500000
0.400000 0.150000 3.000000
0.400000 0.175000 3.500000
0.400000 0.200000 4.000000
0.400000 0.225000 4.500000
0.400000 0.250000 5.000000
0.400000 0.275000 5.500000
0.400000 0.300000 6.000000
0.400000 0.325000 6.500000
0.400000 0.350000 7.000000
0.400000 0.375000 7.500000
0.400000 0.400000 8.000000
0.400000 0.425000 8.347826
0.400000 0.450000 8.727273
0.400000 0.475000 9.142857
0.400000 0.500000 9.600000
0.400000 0.525000 9.600000
0.400000 0.550000 9.600000
0.400000 0.575000 9.600000
0.400000 0.600000 9.600000
0.400000 0.625000 9.600000
0.400000 0.650000 9.600000
0.400000 0.675000 9.600000
0.400000 0.700000 9.600000
0.400000 0.725000 9.600000
0.400000 0.750000 9.600000
0.400000 0.775000 9.600000
0.400000 0.800000 9.600000
0.400000 0.825000 9.600000
0.400000 0.850000 9.600000
0.400000 0.875000 9.600000
0.400000 0.900000 9.600000
0.400000 0.925000 9.600000
0.400000 0.950000 9.600000
0.400000 0.975000 9.600000
0.400000 1.000000 9.600000

0.425000 0.000000 0.000000
0.425000 0.025000 0.521739
0.425000 0.050000 1.043478
0.425000 0.075000 1.565217
0.425000 0.100000 2.086957
0.425000 0.125000 2.608696
0.425000 0.150000 3.130435
0.425000 0.175000 3.652174
0.425000 0.200000 4.173913
0.425000 0.225000 4.695652
0.425000 0.250000 5.217391
0.425000 0.275000 5.739130
0.425000 0.300000 6.260870
0.425000 0.325000 6.782609
0.425000 0.350000 7.304348
0.425000 0.375000 7.826087
0.425000 0.400000 8.347826
0.425000 0.425000 8.869565
0.425000 0.450000 9.272727
0.425000 0.475000 9.714286
0.425000 0.500000 10.200000
0.425000 0.525000 10.200000
0.425000 0.550000 10.200000
0.425000 0.575000 10.200000
0.425000 0.600000 10.200000
0.425000 0.625000 10.200000
0.425000 0.650000 10.200000
0.425000 0.675000 10.200000
0.425000 0.700000 10.200000
0.425000 0.725000 10.200000
0.425000 0.750000 10.200000
0.425000 0.775000 10.200000
0.425000 0.800000 10.200000
0.425000 0.825000 10.200000
0.425000 0.850000 10.200000
0.425000 0.875000 10.200000
0.425000 0.900000 10.200000
0.425000 0.925000 10.200000
0.425000 0.950000 10.200000
0.425000 0.975000 10.200000
0.425000 1.000000 10.200000

0.450000 0.000000 0.000000
0.450000 0.025000 0.545455
0.450000 0.050000 1.090909
0.450000 0.075000 1.636364
0.450000 0.100000 2.181818
0.450000 0.125000 2.727273
0.450000 0.150000 3.272727
0.450000 0.175000 3.818182
0.450000 0.200000 4.363636
0.450000 0.225000 4.909091
0.450000 0.250000 5.454545
0.450000 0.275000 6.000000
0.450000 0.300000 6.545455
0.450000 0.325000 7.090909
0.450000 0.350000 7.636364
0.450000 0.375000 8.181818
0.450000 0.400000 8.727273
0.450000 0.425000 9.272727
0.450000 0.450000 9.818182
0.450000 0.475000 10.285714
0.450000 0.500000 10.800000
0.450000 0.525000 10.800000
0.450000 0.550000 10.800000
0.450000 0.575000 10.800000
0.450000 0.600000 10.800000
0.450000 0.625000 10.800000
0.450000 0.650000 10.800000
0.450000 0.675000 10.800000
0.450000 0.700000 10.800000
0.450000 0.725000 10.800000
0.450000 0.750000 10.800000
0.450000 0.775000 10.800000
0.450000 0.800000 10.800000
0.450000 0.825000 10.800000
0.450000 0.850000 10.800000
0.450000 0.875000 10.800000
0.450000 0.900000 10.800000
0.450000 0.925000 10.800000
0.450000 0.950000 10.800000
0.450000 0.975000 10.800000
0.450000 1.000000 10.800000

0.475000 0.000000 0.000000
0.475000 0.025000 0.571429
0.475000 0.050000 1.142857
0.475000 0.075000 1.714286
0.475000 0.100000 2.285714
0.475000 0.125000 2.857143
0.475000 0.150000 3.428571
0.475000 0.175000 4.000000
0.475000 0.200000 4.571429
0.475000 0.225000 5.142857
0.475000 0.250000 5.714286
0.475000 0.275000 6.285714
0.475000 0.300000 6.857143
0.475000 0.325000 7.428571
0.475000 0.350000 8.000000
0.475000 0.375000 8.571429
0.475000 0.400000 9.142857
0.475000 0.425000 9.714286
0.475000 0.450000 10.285714
0.475000 0.475000 10.857143
0.475000 0.500000 11.400000
0.475000 0.525000 11.400000
0.475000 0.550000 11.400000
0.475000 0.575000 11.400000
0.475000 0.600000 11.400000
0.475000 0.625000 11.400000
0.475000 0.650000 11.400000
0.475000 0.675000 11.400000
0.475000 0.700000 11.400000
0.475000 0.725000 11.400000
0.475000 0.750000 11.400000
0.475000 0.775000 11.400000
0.475000 0.800000 11.400000
0.475000 0.825000 11.400000
0.475000 0.850000 11.400000
0.475000 0.875000 11.400000
0.475000 0.900000 11.400000
0.475000 0.925000 11.400000
0.475000 0.950000 11.400000
0.475000 0.975000 11.400000
0.475000 1.000000 11.400000

0.500000 0.000000 0.000000
0.500000 0.025000 0.600000
0.500000 0.050000 1.200000
0.500000 0.075000 1.800000
0.500000 0.100000 2.400000
0.500000 0.125000 3.000000
0.500000 0.150000 3.600000
0.500000 0.175000 4.200000
0.500000 0.200000 4.800000
0.500000 0.225000 5.400000
0.500000 0.250000 6.000000
0.500000 0.275000 6.600000
0.500000 0.300000 7.200000
0.500000 0.325000 7.800000
0.500000 0.350000 8.400000
0.500000 0.375000 9.000000
0.500000 0.400000 9.600000
0.500000 0.425000 10.200000
0.500000 0.450000 10.800000
0.500000 0.475000 11.400000
0.500000 0.500000 12.000000
0.500000 0.525000 12.000000
0.500000 0.550000 12.000000
0.500000 0.575000 12.000000
0.500000 0.600000 12.000000
0.500000 0.625000 12.000000
0.500000 0.650000 12.000000
0.500000 0.675000 12.000000
0.500000 0.700000 12.000000
0.500000 0.725000 12.000000
0.500000 0.750000 12.000000
0.500000 0.775000 12.000000
0.500000 0.800000 12.000000
0.500000 0.825000 12.000000
0.500000 0.850000 12.000000
0.500000 0.875000 12.000000
0.500000 0.900000 12.000000
0.500000 0.925000 12.000000
0.500000 0.950000 12.000000
0.500000 0.975000 12.000000
0.500000 1.000000 12.000000

0.525000 0.000000 0.000000
0.525000 0.025000 0.600000
0.525000 0.050000 1.200000
0.525000 0.075000 1.800000
0.525000 0.100000 2.400000
0.525000 0.125000 3.000000
0.525000 0.150000 3.600000
0.525000 0.175000 4.200000
0.525000 0.200000 4.800000
0.525000 0.225000 5.400000
0.525000 0.250000 6.000000
0.525000 0.275000 6.600000
0.525000 0.300000 7.200000
0.525000 0.325000 7.800000
0.525000 0.350000 8.400000
0.525000 0.375000 9.000000
0.525000 0.400000 9.600000
0.525000 0.425000 10.200000
0.525000 0.450000 10.800000
0.525000 0.475000 11.400000
0.525000 0.500000 12.000000
0.525000 0.525000 12.000000
0.525000 0.550000 12.000000
0.525000 0.575000 12.000000
0.525000 0.600000 12.000000
0.525000 0.625000 12.000000
0.525000 0.650000 12.000000
0.525000 0.675000 12.000000
0.525000 0.700000 12.000000
0.525000 0.725000 12.000000
0.525000 0.750000 12.000000
0.525000 0.775000 12.000000
0.525000 0.800000 12.000000
0.525000 0.825000 12.000000
0.525000 0.850000 12.000000
0.525000 0.875000 12.000000
0.525000 0.900000 12.000000
0.525000 0.925000 12.000000
0.525000 0.950000 12.000000
0.525000 0.975000 12.000000
0.525000 1.000000 12.000000

0.550000 0.000000 0.000000
0.550000 0.025000 0.600000
0.550000 0.050000 1.200000
0.550000 0.075000 1.800000
0.550000 0.100000 2.400000
0.550000 0.125000 3.000000
0.550000 0.150000 3.600000
0.550000 0.175000 4.200000
0.550000 0.200000 4.800000
0.550000 0.225000 5.400000
0.550000 0.250000 6.000000
0.550000 0.275000 6.600000
0.550000 0.300000 7.200000
0.550000 0.325000 7.800000
0.550000 0.350000 8.400000
0.550000 0.375000 9.000000
0.550000 0.400000 9.600000
0.550000 0.425000 10.200000
0.550000 0.450000 10.800000
0.550000 0.475000 11.400000
0.550000 0.500000 12.000000
0.550000 0.525000 12.000000
0.550000 0.550000 12.000000
0.550000 0.575000 12.000000
0.550000 0.600000 12.000000
0.550000 0.625000 12.000000
0.550000 0.650000 12.000000
0.550000 0.675000 12.000000
0.550000 0.700000 12.000000
0.550000 0.725000 12.000000
0.550000 0.750000 12.000000
0.550000 0.775000 12.000000
0.550000 0.800000 12.000000
0.550000 0.825000 12.000000
0.550000 0.850000 12.000000
0.550000 0.875000 12.000000
0.550000 0.900000 12.000000
0.550000 0.925000 12.000000
0.550000 0.950000 12.000000
0.550000 0.975000 12.000000
0.550000 1.000000 12.000000

0.575000 0.000000 0.000000
0.575000 0.025000 0.600000
0.575000 0.050000 1.200000
0.575000 0.075000 1.800000
0.575000 0.100000 2.400000
0.575000 0.125000 3.000000
0.575000 0.150000 3.600000
0.575000 0.175000 4.200000
0.575000 0.200000 4.800000
0.575000 0.225000 5.400000
0.575000 0.250000 6.000000
0.575000 0.275000 6.600000
0.575000 0.300000 7.200000
0.575000 0.325000 7.800000
0.575000 0.350000 8.400000
0.575000 0.375000 9.000000
0.575000 0.400000 9.600000
0.575000 0.425000 10.200000
0.575000 0.450000 10.800000
0.575000 0.475000 11.400000
0.575000 0.500000 12.000000
0.575000 0.525000 12.000000
0.575000 0.550000 12.000000
0.575000 0.575000 12.000000
0.575000 0.600000 12.000000
0.575000 0.625000 12.000000
0.575000 0.650000 12.000000
0.575000 0.675000 12.000000
0.575000 0.700000 12.000000
0.575000 0.725000 12.000000
0.575000 0.750000 12.000000
0.575000 0.775000 12.000000
0.575000 0.800000 12.000000
0.575000 0.825000 12.000000
0.575000 0.850000 12.000000
0.575000 0.875000 12.000000
0.575000 0.900000 12.000000
0.575000 0.925000 12.000000
0.575000 0.950000 12.000000
0.575000 0.975000 12.000000
0.575000 1.000000 12.000000

0.600000 0.000000 0.000000
0.600000 0.025000 0.600000
0.600000 0.050000 1.200000
0.600000 0.075000 1.800000
0.600000 0.100000 2.400000
0.600000 0.125000 3.000000
0.600000 0.150000 3.600000
0.600000 0.175000 4.200000
0.600000 0.200000 4.800000
0.600000 0.225000 5.400000
0.600000 0.250000 6.000000
0.600000 0.275000 6.600000
0.600000 0.300000 7.200000
0.600000 0.325000 7.800000
0.600000 0.350000 8.400000
0.600000 0.375000 9.000000
0.600000 0.400000 9.600000
0.600000 0.425000 10.200000
0.600000 0.450000 10.800000
0.600000 0.475000 11.400000
0.600000 0.500000 12.000000
0.600000 0.525000 12.000000
0.600000 0.550000 12.000000
0.600000 0.575000 12.000000
0.600000 0.600000 12.000000
0.600000 0.625000 12.000000
0.600000 0.650000 12.000000
0.600000 0.675000 12.000000
0.600000 0.700000 12.000000
0.600000 0.725000 12.000000
0.600000 0.750000 12.000000
0.600000 0.775000 12.000000
0.600000 0.800000 12.000000
0.600000 0.825000 12.000000
0.600000 0.850000 12.000000
0.600000 0.875000 12.000000
0.600000 0.900000 12.000000
0.600000 0.925000 12.000000
0.600000 0.950000 12.000000
0.600000 0.975000 12.000000
0.600000 1.000000 12.000000

0.625000 0.000000 0.000000
0.625000 0.025000 0.600000
0.625000 0.050000 1.200000
0.625000 0.075000 1.800000
0.625000 0.100000 2.400000
0.625000 0.125000 3.000000
0.625000 0.150000 3.600000
0.625000 0.175000 4.200000
0.625000 0.200000 4.800000
0.625000 0.225000 5.400000
0.625000 0.250000 6.000000
0.625000 0.275000 6.600000
0.625000 0.300000 7.200000
0.625000 0.325000 7.800000
0.625000 0.350000 8.400000
0.625000 0.375000 9.000000
0.625000 0.400000 9.600000
0.625000 0.425000 10.200000
0.625000 0.450000 10.800000
0.625000 0.475000 11.400000
0.625000 0.500000 12.000000
0.625000 0.525000 12.000000
0.625000 0.550000 12.000000
0.625000 0.575000 12.000000
0.625000 0.600000 12.000000
0.625000 0.625000 12.000000
0.625000 0.650000 12.000000
0.625000 0.675000 12.000000
0.625000 0.700000 12.000000
0.625000 0.725000 12.000000
0.625000 0.750000 12.000000
0.625000 0.775000 12.000000
0.625000 0.800000 12.000000
0.625000 0.825000 12.000000
0.625000 0.850000 12.000000
0.625000 0.875000 12.000000
0.625000 0.900000 12.000000
0.625000 0.925000 12.000000
0.625000 0.950000 12.000000
0.625000 0.975000 12.000000
0.625000 1.000000 12.000000

0.650000 0.000000 0.000000
0.650000 0.025000 0.600000
0.650000 0.050000 1.200000
0.650000 0.075000 1.800000
0.650000 0.100000 2.400000
0.650000 0.125000 3.000000
0.650000 0.150000 3.600000
0.650000 0.175000 4.200000
0.650000 0.200000 4.800000
0.650000 0.225000 5.400000
0.650000 0.250000 6.000000
0.650000 0.275000 6.600000
0.650000 0.300000 7.200000
0.650000 0.325000 7.800000
0.650000 0.350000 8.400000
0.650000 0.375000 9.000000
0.650000 0.400000 9.600000
0.650000 0.425000 10.200000
0.650000 0.450000 10.800000
0.650000 0.475000 11.400000
0.650000 0.500000 12.000000
0.650000 0.525000 12.000000
0.650000 0.550000 12.000000
0.650000 0.575000 12.000000
0.650000 0.600000 12.000000
0.650000 0.625000 12.000000
0.650000 0.650000 12.000000
0.650000 0.675000 12.000000
0.650000 0.700000 12.000000
0.650000 0.725000 12.000000
0.650000 0.750000 12.000000
0.650000 0.775000 12.000000
0.650000 0.800000 12.000000
0.650000 0.825000 12.000000
0.650000 0.850000 12.000000
0.650000 0.875000 12.000000
0.650000 0.900000 12.000000
0.650000 0.925000 12.000000
0.650000 0.950000 12.000000
0.650000 0.975000 12.000000
0.650000 1.000000 12.000000

0.675000 0.000000 0.000000
0.675000 0.025000 0.600000
0.675000 0.050000 1.200000
0.675000 0.075000 1.800000
0.675000 0.100000 2.400000
0.675000 0.125000 3.000000
0.675000 0.150000 3.600000
0.675000 0.175000 4.200000
0.675000 0.200000 4.800000
0.675000 0.225000 5.400000
0.675000 0.250000 6.000000
0.675000 0.275000 6.600000
0.675000 0.300000 7.200000
0.675000 0.325000 7.800000
0.675000 0.350000 8.400000
0.675000 0.375000 9.000000
0.675000 0.400000 9.600000
0.675000 0.425000 10.200000
0.675000 0.450000 10.800000
0.675000 0.475000 11.400000
0.675000 0.500000 12.000000
0.675000 0.525000 12.000000
0.675000 0.550000 12.000000
0.675000 0.575000 12.000000
0.675000 0.600000 12.000000
0.675000 0.625000 12.000000
0.675000 0.650000 12.000000
0.675000 0.675000 12.000000
0.675000 0.700000 12.000000
0.675000 0.725000 12.000000
0.675000 0.750000 12.000000
0.675000 0.775000 12.000000
0.675000 0.800000 12.000000
0.675000 0.825000 12.000000
0.675000 0.850000 12.000000
0.675000 0.875000 12.000000
0.675000 0.900000 12.000000
0.675000 0.925000 12.000000
0.675000 0.950000 12.000000
0.675000 0.975000 12.000000
0.675000 1.000000 12.000000

0.700000 0.000000 0.000000
0.700000 0.025000 0.600000
0.700000 0.050000 1.200000
0.700000 0.075000 1.800000
0.700000 0.100000 2.400000
0.700000 0.125000 3.000000
0.700000 0.150000 3.600000
0.700000 0.175000 4.200000
0.700000 0.200000 4.800000
0.700000 0.225000 5.400000
0.700000 0.250000 6.000000
0.700000 0.275000 6.600000
0.700000 0.300000 7.200000
0.700000 0.325000 7.800000
0.700000 0.350000 8.400000
0.700000 0.375000 9.000000
0.700000 0.400000 9.600000
0.700000 0.425000 10.200000
0.700000 0.450000 10.800000
0.700000 0.475000 11.400000
0.700000 0.500000 12.000000
0.700000 0.525000 12.000000
0.700000 0.550000 12.000000
0.700000 0.575000 12.000000
0.700000 0.600000 12.000000
0.700000 0.625000 12.000000
0.700000 0.650000 12.000000
0.700000 0.675000 12.000000
0.700000 0.700000 12.000000
0.700000 0.725000 12.000000
0.700000 0.750000 12.000000
0.700000 0.775000 12.000000
0.700000 0.800000 12.000000
0.700000 0.825000 12.000000
0.700000 0.850000 12.000000
0.700000 0.875000 12.000000
0.700000 0.900000 12.000000
0.700000 0.925000 12.000000
0.700000 0.950000 12.000000
0.700000 0.975000 12.000000
0.700000 1.000000 12.000000

0.725000 0.000000 0.000000
0.725000 0.025000 0.600000
0.725000 0.050000 1.200000
0.725000 0.075000 1.800000
0.725000 0.100000 2.400000
0.725000 0.125000 3.000000
0.725000 0.150000 3.600000
0.725000 0.175000 4.200000
0.725000 0.200000 4.800000
0.725000 0.225000 5.400000
0.725000 0.250000 6.000000
0.725000 0.275000 6.600000
0.725000 0.300000 7.200000
0.725000 0.325000 7.800000
0.725000 0.350000 8.400000
0.725000 0.375000 9.000000
0.725000 0.400000 9.600000
0.725000 0.425000 10.200000
0.725000 0.450000 10.800000
0.725000 0.475000 11.400000
0.725000 0.500000 12.000000
0.725000 0.525000 12.000000
0.725000 0.550000 12.000000
0.725000 0.575000 12.000000
0.725000 0.600000 12.000000
0.725000 0.625000 12.000000
0.725000 0.650000 12.000000
0.725000 0.675000 12.000000
0.725000 0.700000 12.000000
0.725000 0.725000 12.000000
0.725000 0.750000 12.000000
0.725000 0.775000 12.000000
0.725000 0.800000 12.000000
0.725000 0.825000 12.000000
0.725000 0.850000 12.000000
0.725000 0.875000 12.000000
0.725000 0.900000 12.000000
0.725000 0.925000 12.000000
0.725000 0.950000 12.000000
0.725000 0.975000 12.000000
0.725000 1.000000 12.000000

0.750000 0.000000 0.000000
0.750000 0.025000 0.600000
0.750000 0.050000 1.200000
0.750000 0.075000 1.800000
0.750000 0.100000 2.400000
0.750000 0.125000 3.000000
0.750000 0.150000 3.600000
0.750000 0.175000 4.200000
0.750000 0.200000 4.800000
0.750000 0.225000 5.400000
0.750000 0.250000 6.000000
0.750000 0.275000 6.600000
0.750000 0.300000 7.200000
0.750000 0.325000 7.800000
0.750000 0.350000 8.400000
0.750000 0.375000 9.000000
0.750000 0.400000 9.600000
0.750000 0.425000 10.200000
0.750000 0.450000 10.800000
0.750000 0.475000 11.400000
0.750000 0.500000 12.000000
0.750000 0.525000 12.000000
0.750000 0.550000 12.000000
0.750000 0.575000 12.000000
0.750000 0.600000 12.000000
0.750000 0.625000 12.000000
0.750000 0.650000 12.000000
0.750000 0.675000 12.000000
0.750000 0.700000 12.000000
0.750000 0.725000 12.000000
0.750000 0.750000 12.000000
0.750000 0.775000 12.000000
0.750000 0.800000 12.000000
0.750000 0.825000 12.000000
0.750000 0.850000 12.000000
0.750000 0.875000 12.000000
0.750000 0.900000 12.000000
0.750000 0.925000 12.000000
0.750000 0.950000 12.000000
0.750000 0.975000 12.000000
0.750000 1.000000 12.000000

0.775000 0.000000 0.000000
0.775000 0.025000 0.600000
0.775000 0.050000 1.200000
0.775000 0.075000 1.800000
0.775000 0.100000 2.400000
0.775000 0.125000 3.000000
0.775000 0.150000 3.600000
0.775000 0.175000 4.200000
0.775000 0.200000 4.800000
0.775000 0.225000 5.400000
0.775000 0.250000 6.000000
0.775000 0.275000 6.600000
0.775000 0.300000 7.200000
0.775000 0.325000 7.800000
0.775000 0.350000 8.400000
0.775000 0.375000 9.000000
0.775000 0.400000 9.600000
0.775000 0.425000 10.200000
0.775000 0.450000 10.800000
0.775000 0.475000 11.400000
0.775000 0.500000 12.000000
0.775000 0.525000 12.000000
0.775000 0.550000 12.000000
0.775000 0.575000 12.000000
0.775000 0.600000 12.000000
0.775000 0.625000 12.000000
0.775000 0.650000 12.000000
0.775000 0.675000 12.000000
0.775000 0.700000 12.000000
0.775000 0.725000 12.000000
0.775000 0.750000 12.000000
0.775000 0.775000 12.000000
0.775000 0.800000 12.000000
0.775000 0.825000 12.000000
0.775000 0.850000 12.000000
0.775000 0.875000 12.000000
0.775000 0.900000 12.000000
0.775000 0.925000 12.000000
0.775000 0.950000 12.000000
0.775000 0.975000 12.000000
0.775000 1.000000 12.000000

0.800000 0.000000 0.000000
0.800000 0.025000 0.600000
0.800000 0.050000 1.200000
0.800000 0.075000 1.800000
0.800000 0.100000 2.400000
0.800000 0.125000 3.000000
0.800000 0.150000 3.600000
0.800000 0.175000 4.200000
0.800000 0.200000 4.800000
0.800000 0.225000 5.400000
0.800000 0.250000 6.000000
0.800000 0.275000 6.600000
0.800000 0.300000 7.200000
0.800000 0.325000 7.800000
0.800000 0.350000 8.400000
0.800000 0.375000 9.000000
0.800000 0.400000 9.600000
0.800000 0.425000 10.200000
0.800000 0.450000 10.800000
0.800000 0.475000 11.400000
0.800000 0.500000 12.000000
0.800000 0.525000 12.000000
0.800000 0.550000 12.000000
0.800000 0.575000 12.000000
0.800000 0.600000 12.000000
0.800000 0.625000 12.000000
0.800000 0.650000 12.000000
0.800000 0.675000 12.000000
0.800000 0.700000 12.000000
0.800000 0.725000 12.000000
0.800000 0.750000 12.000000
0.800000 0.775000 12.000000
0.800000 0.800000 12.000000
0.800000 0.825000 12.000000
0.800000 0.850000 12.000000
0.800000 0.875000 12.000000
0.800000 0.900000 12.000000
0.800000 0.925000 12.000000
0.800000 0.950000 12.000000
0.800000 0.975000 12.000000
0.800000 1.000000 12.000000

0.825000 0.000000 0.000000
0.825000 0.025000 0.600000
0.825000 0.050000 1.200000
0.825000 0.075000 1.800000
0.825000 0.100000 2.400000
0.825000 0.125000 3.000000
0.825000 0.150000 3.600000
0.825000 0.175000 4.200000
0.825000 0.200000 4.800000
0.825000 0.225000 5.400000
0.825000 0.250000 6.000000
0.825000 0.275000 6.600000
0.825000 0.300000 7.200000
0.825000 0.325000 7.800000
0.825000 0.350000 8.400000
0.825000 0.375000 9.000000
0.825000 0.400000 9.600000
0.825000 0.425000 10.200000
0.825000 0.450000 10.800000
0.825000 0.475000 11.400000
0.825000 0.500000 12.000000
0.825000 0.525000 12.000000
0.825000 0.550000 12.000000
0.825000 0.575000 12.000000
0.825000 0.600000 12.000000
0.825000 0.625000 12.000000
0.825000 0.650000 12.000000
0.825000 0.675000 12.000000
0.825000 0.700000 12.000000
0.825000 0.725000 12.000000
0.825000 0.750000 12.000000
0.825000 0.775000 12.000000
0.825000 0.800000 12.000000
0.825000 0.825000 12.000000
0.825000 0.850000 12.000000
0.825000 0.875000 12.000000
0.825000 0.900000 12.000000
0.825000 0.925000 12.000000
0.825000 0.950000 12.000000
0.825000 0.975000 12.000000
0.825000 1.000000 12.000000

0.850000 0.000000 0.000000
0.850000 0.025000 0.600000
0.850000 0.050000 1.200000
0.850000 0.075000 1.800000
0.850000 0.100000 2.400000
0.850000 0.125000 3.000000
0.850000 0.150000 3.600000
0.850000 0.175000 4.200000
0.850000 0.200000 4.800000
0.850000 0.225000 5.400000
0.850000 0.250000 6.000000
0.850000 0.275000 6.600000
0.850000 0.300000 7.200000
0.850000 0.325000 7.800000
0.850000 0.350000 8.400000
0.850000 0.375000 9.000000
0.850000 0.400000 9.600000
0.850000 0.425000 10.200000
0.850000 0.450000 10.800000
0.850000 0.475000 11.400000
0.850000 0.500000 12.000000
0.850000 0.525000 12.000000
0.850000 0.550000 12.000000
0.850000 0.575000 12.000000
0.850000 0.600000 12.000000
0.850000 0.625000 12.000000
0.850000 0.650000 12.000000
0.850000 0.675000 12.000000
0.850000 0.700000 12.000000
0.850000 0.725000 12.000000
0.850000 0.750000 12.000000
0.850000 0.775000 12.000000
0.850000 0.800000 12.000000
0.850000 0.825000 12.000000
0.850000 0.850000 12.000000
0.850000 0.875000 12.000000
0.850000 0.900000 12.000000
0.850000 0.925000 12.000000
0.850000 0.950000 12.000000
0.850000 0.975000 12.000000
0.850000 1.000000 12.000000

0.875000 0.000000 0.000000
0.875000 0.025000 0.600000
0.875000 0.050000 1.200000
0.875000 0.075000 1.800000
0.875000 0.100000 2.400000
0.875000 0.125000 3.000000
0.875000 0.150000 3.600000
0.875000 0.175000 4.200000
0.875000 0.200000 4.800000
0.875000 0.225000 5.400000
0.875000 0.250000 6.000000
0.875000 0.275000 6.600000
0.875000 0.300000 7.200000
0.875000 0.325000 7.800000
0.875000 0.350000 8.400000
0.875000 0.375000 9.000000
0.875000 0.400000 9.600000
0.875000 0.425000 10.200000
0.875000 0.450000 10.800000
0.875000 0.475000 11.400000
0.875000 0.500000 12.000000
0.875000 0.525000 12.000000
0.875000 0.550000 12.000000
0.875000 0.575000 12.000000
0.875000 0.600000 12.000000
0.875000 0.625000 12.000000
0.875000 0.650000 12.000000
0.875000 0.675000 12.000000
0.875000 0.700000 12.000000
0.875000 0.725000 12.000000
0.875000 0.750000 12.000000
0.875000 0.775000 12.000000
0.875000 0.800000 12.000000
0.875000 0.825000 12.000000
0.875000 0.850000 12.000000
0.875000 0.875000 12.000000
0.875000 0.900000 12.000000
0.875000 0.925000 12.000000
0.875000 0.950000 12.000000
0.875000 0.975000 12.000000
0.875000 1.000000 12.000000

0.900000 0.000000 0.000000
0.900000 0.025000 0.600000
0.900000 0.050000 1.200000
0.900000 0.075000 1.800000
0.900000 0.100000 2.400000
0.900000 0.125000 3.000000
0.900000 0.150000 3.600000
0.900000 0.175000 4.200000
0.900000 0.200000 4.800000
0.900000 0.225000 5.400000
0.900000 0.250000 6.000000
0.900000 0.275000 6.600000
0.900000 0.300000 7.200000
0.900000 0.325000 7.800000
0.900000 0.350000 8.400000
0.900000 0.375000 9.000000
0.900000 0.400000 9.600000
0.900000 0.425000 10.200000
0.900000 0.450000 10.800000
0.900000 0.475000 11.400000
0.900000 0.500000 12.000000
0.900000 0.525000 12.000000
0.900000 0.550000 12.000000
0.900000 0.575000 12.000000
0.900000 0.600000 12.000000
0.900000 0.625000 12.000000
0.900000 0.650000 12.000000
0.900000 0.675000 12.000000
0.900000 0.700000 12.000000
0.900000 0.725000 12.000000
0.900000 0.750000 12.000000
0.900000 0.775000 12.000000
0.900000 0.800000 12.000000
0.900000 0.825000 12.000000
0.900000 0.850000 12.000000
0.900000 0.875000 12.000000
0.900000 0.900000 12.000000
0.900000 0.925000 12.000000
0.900000 0.950000 12.000000
0.900000 0.975000 12.000000
0.900000 1.000000 12.000000

0.925000 0.000000 0.000000
0.925000 0.025000 0.600000
0.925000 0.050000 1.200000
0.925000 0.075000 1.800000
0.925000 0.100000 2.400000
0.925000 0.125000 3.000000
0.925000 0.150000 3.600000
0.925000 0.175000 4.200000
0.925000 0.200000 4.800000
0.925000 0.225000 5.400000
0.925000 0.250000 6.000000
0.925000 0.275000 6.600000
0.925000 0.300000 7.200000
0.925000 0.325000 7.800000
0.925000 0.350000 8.400000
0.925000 0.375000 9.000000
0.925000 0.400000 9.600000
0.925000 0.425000 10.200000
0.925000 0.450000 10.800000
0.925000 0.475000 11.400000
0.925000 0.500000 12.000000
0.925000 0.525000 12.000000
0.925000 0.550000 12.000000
0.925000 0.575000 12.000000
0.925000 0.600000 12.000000
0.925000 0.625000 12.000000
0.925000 0.650000 12.000000
0.925000 0.675000 12.000000
0.925000 0.700000 12.000000
0.925000 0.725000 12.000000
0.925000 0.750000 12.000000
0.925000 0.775000 12.000000
0.925000 0.800000 12.000000
0.925000 0.825000 12.000000
0.925000 0.850000 12.000000
0.925000 0.875000 12.000000
0.925000 0.900000 12.000000
0.925000 0.925000 12.000000
0.925000 0.950000 12.000000
0.925000 0.975000 12.000000
0.925000 1.000000 12.000000

0.950000 0.000000 0.000000
0.950000 0.025000 0.600000
0.950000 0.050000 1.200000
0.950000 0.075000 1.800000
0.950000 0.100000 2.400000
0.950000 0.125000 3.000000
0.950000 0.150000 3.600000
0.950000 0.175000 4.200000
0.950000 0.200000 4.800000
0.950000 0.225000 5.400000
0.950000 0.250000 6.000000
0.950000 0.275000 6.600000
0.950000 0.300000 7.200000
0.950000 0.325000 7.800000
0.950000 0.350000 8.400000
0.950000 0.375000 9.000000
0.950000 0.400000 9.600000
0.950000 0.425000 10.200000
0.950000 0.450000 10.800000
0.950000 0.475000 11.400000
0.950000 0.500000 12.000000
0.950000 0.525000 12.000000
0.950000 0.550000 12.000000
0.950000 0.575000 12.000000
0.950000 0.600000 12.000000
0.950000 0.625000 12.000000
0.950000 0.650000 12.000000
0.950000 0.675000 12.000000
0.950000 0.700000 12.000000
0.950000 0.725000 12.000000
0.950000 0.750000 12.000000
0.950000 0.775000 12.000000
0.950000 0.800000 12.000000
0.950000 0.825000 12.000000
0.950000 0.850000 12.000000
0.950000 0.875000 12.000000
0.950000 0.900000 12.000000
0.950000 0.925000 12.000000
0.950000 0.950000 12.000000
0.950000 0.975000 12.000000
0.950000 1.000000 12.000000

0.975000 0.000000 0.000000
0.975000 0.025000 0.600000
0.975000 0.050000 1.200000
0.975000 0.075000 1.800000
0.975000 0.100000 2.400000
0.975000 0.125000 3.000000
0.975000 0.150000 3.600000
0.975000 0.175000 4.200000
0.975000 0.200000 4.800000
0.975000 0.225000 5.400000
0.975000 0.250000 6.000000
0.975000 0.275000 6.600000
0.975000 0.300000 7.200000
0.975000 0.325000 7.800000
0.975000 0.350000 8.400000
0.975000 0.375000 9.000000
0.975000 0.400000 9.600000
0.975000 0.425000 10.200000
0.975000 0.450000 10.800000
0.975000 0.475000 11.400000
0.975000 0.500000 12.000000
0.975000 0.525000 12.000000
0.975000 0.550000 12.000000
0.975000 0.575000 12.000000
0.975000 0.600000 12.000000
0.975000 0.625000 12.000000
0.975000 0.650000 12.000000
0.975000 0.675000 12.000000
0.975000 0.700000 12.000000
0.975000 0.725000 12.000000
0.975000 0.750000 12.000000
0.975000 0.775000 12.000000
0.975000 0.800000 12.000000
0.975000 0.825000 12.000000
0.975000 0.850000 12.000000
0.975000 0.875000 12.000000
0.975000 0.900000 12.000000
0.975000 0.925000 12.000000
0.975000 0.950000 12.000000
0.975000 0.975000 12.000000
0.975000 1.000000 12.000000

1.000000 0.000000 0.000000
1.000000 0.025000 0.600000
1.000000 0.050000 1.200000
1.000000 0.075000 1.800000
1.000000 0.100000 2.400000
1.000000 0.125000 3.000000
1.000000 0.150000 3.600000
1.000000 0.175000 4.200000
1.000000 0.200000 4.800000
1.000000 0.225000 5.400000
1.000000 0.250000 6.000000
1.000000 0.275000 6.600000
1.000000 0.300000 7.200000
1.000000 0.325000 7.800000
1.000000 0.350000 8.400000
1.000000 0.375000 9.000000
1.000000 0.400000 9.600000
1.000000 0.425000 10.200000
1.000000 0.450000 10.800000
1.000000 0.475000 11.400000
1.000000 0.500000 12.000000
1.000000 0.525000 12.000000
1.000000 0.550000 12.000000
1.000000 0.575000 12.000000
1.000000 0.600000 12.000000
1.000000 0.625000 12.000000
1.000000 0.650000 12.000000
1.000000 0.675000 12.000000
1.000000 0.700000 12.000000
1.000000 0.725000 12.000000
1.000000 0.750000 12.000000
1.000000 0.775000 12.000000
1.000000 0.800000 12.000000
1.000000 0.825000 12.000000
1.000000 0.850000 12.000000
1.000000 0.875000 12.000000
1.000000 0.900000 12.000000
1.000000 0.925000 12.000000
1.000000 0.950000 12.000000
1.000000 0.975000 12.000000
1.000000 1.000000 12.000000

